 2048
 2177
 2305
 2432
 2557
 2681
 2802
 2920
 3035
 3145
 3252
 3353
 3450
 3541
 3626
 3705
 3777
 3843
 3901
 3952
 3996
 4032
 4060
 4080
 4092
 4095
 4092
 4080
 4060
 4032
 3996
 3952
 3901
 3843
 3777
 3705
 3626
 3541
 3450
 3353
 3252
 3145
 3035
 2920
 2802
 2681
 2557
 2432
 2305
 2177
 2048
 1919
 1791
 1664
 1539
 1415
 1294
 1176
 1061
 951
 844
 743
 646
 555
 470
 391
 319
 253
 195
 144
 100
 64
 36
 16
 4
 0
 4
 16
 36
 64
 100
 144
 195
 253
 319
 391
 470
 555
 646
 743
 844
 951
 1061
 1176
 1294
 1415
 1539
 1664
 1791
 1919
 2048
 2177
 2305
 2432
 2557
 2681
 2802
 2920
 3035
 3145
 3252
 3353
 3450
 3541
 3626
 3705
 3777
 3843
 3901
 3952
 3996
 4032
 4060
 4080
 4092
 4095
 4092
 4080
 4060
 4032
 3996
 3952
 3901
 3843
 3777
 3705
 3626
 3541
 3450
 3353
 3252
 3145
 3035
 2920
 2802
 2681
 2557
 2432
 2305
 2177
 2048
 1919
 1791
 1664
 1539
 1415
 1294
 1176
 1061
 951
 844
 743
 646
 555
 470
 391
 319
 253
 195
 144
 100
 64
 36
 16
 4
 0
 4
 16
 36
 64
 100
 144
 195
 253
 319
 391
 470
 555
 646
 743
 844
 951
 1061
 1176
 1294
 1415
 1539
 1664
 1791
 1919
 2048
 2177
 2305
 2432
 2557
 2681
 2802
 2920
 3035
 3145
 3252
 3353
 3450
 3541
 3626
 3705
 3777
 3843
 3901
 3952
 3996
 4032
 4060
 4080
 4092
 4095
 4092
 4080
 4060
 4032
 3996
 3952
 3901
 3843
 3777
 3705
 3626
 3541
 3450
 3353
 3252
 3145
 3035
 2920
 2802
 2681
 2557
 2432
 2305
 2177
 2048
 1919
 1791
 1664
 1539
 1415
 1294
 1176
 1061
 951
 844
 743
 646
 555
 470
 391
 319
 253
 195
 144
 100
 64
 36
 16
 4
 0
 4
 16
 36
 64
 100
 144
 195
 253
 319
 391
 470
 555
 646
 743
 844
 951
 1061
 1176
 1294
 1415
 1539
 1664
 1791
 1919
 2048
 2177
 2305
 2432
 2557
 2681
 2802
 2920
 3035
 3145
 3252
 3353
 3450
 3541
 3626
 3705
 3777
 3843
 3901
 3952
 3996
 4032
 4060
 4080
 4092
 4095
 4092
 4080
 4060
 4032
 3996
 3952
 3901
 3843
 3777
 3705
 3626
 3541
 3450
 3353
 3252
 3145
 3035
 2920
 2802
 2681
 2557
 2432
 2305
 2177
 2048
 1919
 1791
 1664
 1539
 1415
 1294
 1176
 1061
 951
 844
 743
 646
 555
 470
 391
 319
 253
 195
 144
 100
 64
 36
 16
 4
 0
 4
 16
 36
 64
 100
 144
 195
 253
 319
 391
 470
 555
 646
 743
 844
 951
 1061
 1176
 1294
 1415
 1539
 1664
 1791
 1919
 2048
 2177
 2305
 2432
 2557
 2681
 2802
 2920
 3035
 3145
 3252
 3353
 3450
 3541
 3626
 3705
 3777
 3843
 3901
 3952
 3996
 4032
 4060
 4080
 4092
 4095
 4092
 4080
 4060
 4032
 3996
 3952
 3901
 3843
 3777
 3705
 3626
 3541
 3450
 3353
 3252
 3145
 3035
 2920
 2802
 2681
 2557
 2432
 2305
 2177
 2048
 1919
 1791
 1664
 1539
 1415
 1294
 1176
 1061
 951
 844
 743
 646
 555
 470
 391
 319
 253
 195
 144
 100
 64
 36
 16
 4
 0
 4
 16
 36
 64
 100
 144
 195
 253
 319
 391
 470
 555
 646
 743
 844
 951
 1061
 1176
 1294
 1415
 1539
 1664
 1791
 1919
 2048
 2177
 2305
 2432
 2557
 2681
 2802
 2920
 3035
 3145
 3252
 3353
 3450
 3541
 3626
 3705
 3777
 3843
 3901
 3952
 3996
 4032
 4060
 4080
 4092
 4095
 4092
 4080
 4060
 4032
 3996
 3952
 3901
 3843
 3777
 3705
 3626
 3541
 3450
 3353
 3252
 3145
 3035
 2920
 2802
 2681
 2557
 2432
 2305
 2177
 2048
 1919
 1791
 1664
 1539
 1415
 1294
 1176
 1061
 951
 844
 743
 646
 555
 470
 391
 319
 253
 195
 144
 100
 64
 36
 16
 4
 0
 4
 16
 36
 64
 100
 144
 195
 253
 319
 391
 470
 555
 646
 743
 844
 951
 1061
 1176
 1294
 1415
 1539
 1664
 1791
 1919
 2048
 2177
 2305
 2432
 2557
 2681
 2802
 2920
 3035
 3145
 3252
 3353
 3450
 3541
 3626
 3705
 3777
 3843
 3901
 3952
 3996
 4032
 4060
 4080
 4092
 4095
 4092
 4080
 4060
 4032
 3996
 3952
 3901
 3843
 3777
 3705
 3626
 3541
 3450
 3353
 3252
 3145
 3035
 2920
 2802
 2681
 2557
 2432
 2305
 2177
 2048
 1919
 1791
 1664
 1539
 1415
 1294
 1176
 1061
 951
 844
 743
 646
 555
 470
 391
 319
 253
 195
 144
 100
 64
 36
 16
 4
 0
 4
 16
 36
 64
 100
 144
 195
 253
 319
 391
 470
 555
 646
 743
 844
 951
 1061
 1176
 1294
 1415
 1539
 1664
 1791
 1919
 2048
 2177
 2305
 2432
 2557
 2681
 2802
 2920
 3035
 3145
 3252
 3353
 3450
 3541
 3626
 3705
 3777
 3843
 3901
 3952
 3996
 4032
 4060
 4080
 4092
 4095
 4092
 4080
 4060
 4032
 3996
 3952
 3901
 3843
 3777
 3705
 3626
 3541
 3450
 3353
 3252
 3145
 3035
 2920
 2802
 2681
 2557
 2432
 2305
 2177
 2048
 1919
 1791
 1664
 1539
 1415
 1294
 1176
 1061
 951
 844
 743
 646
 555
 470
 391
 319
 253
 195
 144
 100
 64
 36
 16
 4
 0
 4
 16
 36
 64
 100
 144
 195
 253
 319
 391
 470
 555
 646
 743
 844
 951
 1061
 1176
 1294
 1415
 1539
 1664
 1791
 1919
 2048
 2177
 2305
 2432
 2557
 2681
 2802
 2920
 3035
 3145
 3252
 3353
 3450
 3541
 3626
 3705
 3777
 3843
 3901
 3952
 3996
 4032
 4060
 4080
 4092
 4095
 4092
 4080
 4060
 4032
 3996
 3952
 3901
 3843
 3777
 3705
 3626
 3541
 3450
 3353
 3252
 3145
 3035
 2920
 2802
 2681
 2557
 2432
 2305
 2177
 2048
 1919
 1791
 1664
 1539
 1415
 1294
 1176
 1061
 951
 844
 743
 646
 555
 470
 391
 319
 253
 195
 144
 100
 64
 36
 16
 4
 0
 4
 16
 36
 64
 100
 144
 195
 253
 319
 391
 470
 555
 646
 743
 844
 951
 1061
 1176
 1294
 1415
 1539
 1664
 1791
 1919
 2048
 2177
 2305
 2432
 2557
 2681
 2802
 2920
 3035
 3145
 3252
 3353
 3450
 3541
 3626
 3705
 3777
 3843
 3901
 3952
 3996
 4032
 4060
 4080
 4092
 4095
 4092
 4080
 4060
 4032
 3996
 3952
 3901
 3843
 3777
 3705
 3626
 3541
 3450
 3353
 3252
 3145
 3035
 2920
 2802
 2681
 2557
 2432
 2305
 2177
 2048
 1919
 1791
 1664
 1539
 1415
 1294
 1176
 1061
 951
 844
 743
 646
 555
 470
 391
 319
 253
 195
 144
 100
 64
 36
 16
 4
 0
 4
 16
 36
 64
 100
 144
 195
 253
 319
 391
 470
 555
 646
 743
 844
 951
 1061
 1176
 1294
 1415
 1539
 1664
 1791
 1919